0 0
1 0
2 0
3 0
4 5
5 2
6 2
7 4
8 1
9 1
10 1
11 6
12 1
13 3
14 3
15 1
16 3
17 2
18 5
19 6
20 6
21 5
22 0
23 6
24 3
25 1
26 6
27 6
28 5
29 4
30 5
31 2
32 2
33 5
34 5
35 1
36 3
37 4
38 4
39 1
40 6
41 0
42 0
43 6
44 5
45 0
46 1
47 3
48 1
49 3
50 5
51 5
52 2
53 5
54 5
55 3
56 6
57 4
58 4
59 1
60 5
61 1
62 1
63 6
64 6
65 2
66 0
67 5
68 3
69 6
70 3
71 1
72 3
73 0
74 4
75 4
76 5
77 4
78 5
79 6
80 6
81 6
82 2
83 6
84 2
85 2
86 2
87 3
88 1
89 5
90 0
91 0
92 5
93 2
94 6
95 5
96 5
97 0
98 6
99 5
100 6
101 5
102 0
103 2
104 1
105 3
106 5
107 5
108 3
109 6
110 6
111 0
