0 0
1 0
2 0
3 0
4 1
5 9
6 9
7 2
8 3
9 3
10 4
11 17
12 4
13 6
14 6
15 11
16 6
17 7
18 16
19 17
20 17
21 16
22 0
23 8
24 12
25 11
26 17
27 17
28 16
29 10
30 16
31 7
32 9
33 20
34 16
35 11
36 13
37 2
38 2
39 3
40 5
41 0
42 0
43 17
44 16
45 0
46 11
47 12
48 11
49 12
50 16
51 16
52 9
53 16
54 16
55 13
56 5
57 14
58 10
59 11
60 15
61 3
62 3
63 17
64 17
65 7
66 0
67 18
68 6
69 8
70 13
71 11
72 21
73 0
74 10
75 14
76 18
77 14
78 16
79 17
80 17
81 17
82 7
83 17
84 7
85 7
86 7
87 13
88 11
89 1
90 0
91 0
92 18
93 7
94 17
95 18
96 18
97 0
98 17
99 1
100 19
101 15
102 0
103 7
104 11
105 21
106 18
107 20
108 21
109 17
110 19
111 0
