20
11
16
17
32
24
28
8
16
18
3
7
26
2
32
1
11
27
26
24
33
25
9
12
14
12
5
28
6
13
30
24
8
17
1
23
0
29
20
5
16
32
16
29
16
8
26
25
22
19
5
24
28
0
10
4
23
19
16
6
25
12
28
28
6
11
10
3
24
14
20
24
21
11
18
28
12
30
17
25
14
23
6
8
3
21
16
22
3
19
7
9
24
27
32
15
9
2
32
13
19
25
25
8
20
22
12
24
14
33
8
27
4
11
11
14
15
21
8
10
4
26
32
26
27
21
27
15
23
3
22
19
4
23
12
1
22
4
32
24
32
0
16
2
9
26
27
6
7
1
19
6
21
16
1
31
24
4
0
20
18
2
22
29
10
32
7
6
11
33
9
14
6
28
2
24
1
7
21
7
26
2
20
17
13
30
30
18
8
21
1
20
16
20
24
18
22
15
10
30
27
21
3
12
16
5
0
23
27
26
30
15
16
28
18
18
12
18
33
29
3
31
17
1
22
32
32
18
33
2
9
11
10
30
0
6
9
10
27
11
22
7
32
21
25
29
21
2
33
12
10
19
29
18
13
9
0
4
3
8
1
33
28
22
6
17
15
28
18
24
23
8
13
6
6
21
19
10
10
10
3
10
25
29
16
21
25
21
8
5
11
12
32
5
0
19
30
10
14
17
2
22
4
2
5
2
24
15
30
4
15
10
20
13
1
25
16
5
8
28
27
9
29
20
32
31
16
0
26
17
30
33
31
4
15
5
2
19
11
32
31
33
0
14
2
0
11
14
31
14
33
15
10
31
12
5
17
26
13
33
28
13
25
27
28
30
33
13
24
2
25
5
21
28
14
15
18
8
2
31
21
22
23
18
12
4
2
12
17
28
9
16
1
9
25
4
33
6
8
18
21
9
14
3
31
27
25
29
2
23
18
32
31
24
5
25
1
16
4
21
13
20
32
19
5
30
23
6
24
29
16
14
0
2
9
2
1
24
33
14
21
31
16
31
27
21
10
28
7
0
4
33
9
30
20
32
4
7
14
17
24
6
20
18
15
4
27
7
13
2
3
4
32
33
14
21
13
26
16
32
10
15
9
29
17
19
16
32
32
19
9
0
14
4
1
6
4
29
13
19
10
16
11
5
21
31
25
5
0
31
23
6
33
6
8
10
30
8
28
7
22
17
18
28
21
30
24
12
2
6
28
10
15
6
1
31
9
27
29
30
5
33
3
0
11
25
12
18
26
15
18
26
27
20
13
24
12
5
21
5
8
32
19
17
30
16
5
24
33
23
26
20
33
11
4
11
1
31
14
10
10
2
10
3
6
31
10
28
17
16
28
0
6
18
3
29
23
32
14
27
6
23
9
27
22
26
10
21
22
15
6
24
20
12
20
6
25
20
16
21
31
22
24
24
23
5
30
1
3
19
1
0
7
17
3
12
3
23
21
24
26
30
9
14
7
7
15
1
30
16
3
17
21
1
13
2
33
32
22
16
33
26
29
3
3
21
6
15
19
28
10
16
22
9
2
10
11
16
8
7
32
28
30
0
15
29
17
23
12
24
14
7
28
24
20
21
13
27
0
3
1
17
16
23
3
6
27
24
15
1
32
13
1
32
27
15
15
25
31
33
7
16
4
13
8
12
20
28
8
12
10
22
26
21
16
22
20
8
22
20
15
32
4
11
13
7
29
10
6
19
4
28
29
18
17
9
17
20
26
17
4
21
21
28
20
2
10
24
29
32
25
11
2
15
33
16
23
3
29
19
5
7
23
29
6
31
9
1
1
18
23
16
6
30
27
10
32
4
7
13
27
17
19
25
3
17
27
23
12
6
7
11
9
9
15
18
18
0
25
17
16
3
9
0
9
20
1
23
6
26
32
2
0
12
10
0
9
16
24
7
18
15
31
26
24
12
8
29
17
10
8
2
33
10
19
15
21
7
19
31
20
2
21
30
17
2
17
27
27
29
19
10
31
29
0
9
17
31
0
19
8
8
33
19
0
21
10
10
28
2
10
33
10
3
2
18
28
1
16
27
1
33
6
1
28
1
28
16
0
21
2
2
6
1
24
9
1
27
33
10
20
27
17
28
27
16
32
28
16
20
24
21
33
33
21
1
21
9
21
6
9
9
2
9
1
24
20
9
20
28
32
6
32
32
20
28
9
20
9
28
16
32
28
10
2
9
9
28
16
1
20
20
21
10
10
20
16
1
20
16
20
20
16
20
16
21
21
1
10
1
1
10
1
1
10
10
16
21
21
16
